# energyFactor	econcomicFactor	constraintViolation	iteration	functionCalls
9.999997962055843237e-01 7.715673414724673042e-09 0.000000000000000000e+00 6.100000000000000000e+01 5.100000000000000000e+01
8.504631289450914622e-01 6.711396109014948659e-03 0.000000000000000000e+00 6.100000000000000000e+01 5.600000000000000000e+01
7.297918791511033287e-01 1.342280297161072694e-02 0.000000000000000000e+00 5.700000000000000000e+01 5.100000000000000000e+01
6.297427081474734623e-01 2.013422441865073478e-02 0.000000000000000000e+00 6.200000000000000000e+01 5.700000000000000000e+01
5.462339513510439115e-01 2.684563307923073724e-02 0.000000000000000000e+00 6.000000000000000000e+01 5.300000000000000000e+01
4.760944937797550458e-01 3.355704163414371943e-02 0.000000000000000000e+00 6.200000000000000000e+01 5.500000000000000000e+01
4.168396399130797070e-01 4.026845006846413444e-02 0.000000000000000000e+00 5.900000000000000000e+01 5.100000000000000000e+01
3.665064909897357559e-01 4.697985836444981689e-02 0.000000000000000000e+00 6.000000000000000000e+01 5.100000000000000000e+01
3.235325119956811157e-01 5.369126651276397155e-02 0.000000000000000000e+00 6.000000000000000000e+01 5.200000000000000000e+01
2.866649593034992227e-01 6.040267449854435505e-02 0.000000000000000000e+00 5.900000000000000000e+01 5.000000000000000000e+01
2.548927015602157065e-01 6.711408231013436809e-02 0.000000000000000000e+00 5.700000000000000000e+01 4.800000000000000000e+01
2.273944522666147272e-01 7.382548992160208046e-02 0.000000000000000000e+00 5.900000000000000000e+01 5.000000000000000000e+01
2.034991424551863270e-01 8.053689732931471057e-02 0.000000000000000000e+00 6.200000000000000000e+01 5.600000000000000000e+01
1.826553535900364289e-01 8.724830449821470435e-02 0.000000000000000000e+00 6.000000000000000000e+01 5.200000000000000000e+01
1.644075264558615412e-01 9.395972752011877427e-02 0.000000000000000000e+00 6.100000000000000000e+01 5.200000000000000000e+01
1.483775865183342146e-01 1.006711180730318345e-01 0.000000000000000000e+00 6.300000000000000000e+01 5.700000000000000000e+01
1.342499044355194848e-01 1.073825244195035084e-01 0.000000000000000000e+00 6.000000000000000000e+01 5.300000000000000000e+01
1.217600745932992112e-01 1.140939538814319115e-01 0.000000000000000000e+00 6.300000000000000000e+01 5.500000000000000000e+01
1.106856791898301745e-01 1.208053361759357375e-01 0.000000000000000000e+00 6.100000000000000000e+01 5.400000000000000000e+01
1.008384769258153374e-01 1.275167711242464474e-01 0.000000000000000000e+00 6.100000000000000000e+01 5.300000000000000000e+01
9.205901475336815409e-02 1.342281796308709974e-01 0.000000000000000000e+00 6.200000000000000000e+01 5.300000000000000000e+01
8.421134962906599852e-02 1.409395880543195811e-01 0.000000000000000000e+00 6.500000000000000000e+01 5.700000000000000000e+01
7.717932617381215166e-02 1.476509963880273113e-01 0.000000000000000000e+00 6.500000000000000000e+01 5.800000000000000000e+01
7.086332586571626735e-02 1.543624046288838980e-01 0.000000000000000000e+00 6.400000000000000000e+01 5.500000000000000000e+01
6.517763208443526357e-02 1.610738127662174890e-01 0.000000000000000000e+00 6.400000000000000000e+01 5.600000000000000000e+01
6.004825789820915360e-02 1.677852207963193565e-01 0.000000000000000000e+00 5.800000000000000000e+01 4.900000000000000000e+01
5.541114812439309339e-02 1.744966287112280634e-01 0.000000000000000000e+00 6.100000000000000000e+01 5.300000000000000000e+01
5.121068537551830280e-02 1.812080365028488904e-01 0.000000000000000000e+00 6.300000000000000000e+01 5.400000000000000000e+01
4.739844408692025363e-02 1.879194441677364824e-01 0.000000000000000000e+00 6.000000000000000000e+01 5.100000000000000000e+01
4.393214764744968887e-02 1.946308516933603627e-01 0.000000000000000000e+00 5.900000000000000000e+01 5.000000000000000000e+01
4.077479251004765409e-02 2.013422590767990350e-01 0.000000000000000000e+00 5.800000000000000000e+01 4.900000000000000000e+01
3.789391013787098139e-02 2.080536663043865420e-01 0.000000000000000000e+00 5.500000000000000000e+01 4.600000000000000000e+01
3.526094308062269894e-02 2.147650733714678295e-01 0.000000000000000000e+00 5.400000000000000000e+01 4.400000000000000000e+01
3.285071595024102731e-02 2.214764802663750642e-01 0.000000000000000000e+00 5.300000000000000000e+01 4.300000000000000000e+01
3.064098549991963252e-02 2.281878869838592505e-01 0.000000000000000000e+00 5.300000000000000000e+01 4.300000000000000000e+01
2.861205690881686928e-02 2.348992935102554580e-01 0.000000000000000000e+00 5.600000000000000000e+01 4.600000000000000000e+01
2.674645561710420338e-02 2.416106998412456963e-01 0.000000000000000000e+00 5.400000000000000000e+01 4.400000000000000000e+01
2.502864592663811560e-02 2.483221059559862776e-01 0.000000000000000000e+00 5.400000000000000000e+01 4.400000000000000000e+01
2.344478907272038934e-02 2.550335118628915820e-01 0.000000000000000000e+00 5.200000000000000000e+01 4.200000000000000000e+01
2.198253473441574846e-02 2.617449175266745032e-01 0.000000000000000000e+00 5.400000000000000000e+01 4.400000000000000000e+01
2.063084089287494857e-02 2.684563229595597345e-01 0.000000000000000000e+00 5.300000000000000000e+01 4.300000000000000000e+01
1.937981786053830438e-02 2.751677281316552426e-01 0.000000000000000000e+00 5.100000000000000000e+01 4.100000000000000000e+01
1.822059289913202998e-02 2.818791330389977534e-01 0.000000000000000000e+00 5.100000000000000000e+01 4.100000000000000000e+01
1.714519247071402686e-02 2.885905376680210632e-01 0.000000000000000000e+00 5.000000000000000000e+01 4.000000000000000000e+01
1.614643960450977758e-02 2.953019420094669667e-01 0.000000000000000000e+00 4.700000000000000000e+01 3.700000000000000000e+01
1.521786424506870600e-02 3.020133460537775538e-01 0.000000000000000000e+00 4.700000000000000000e+01 3.700000000000000000e+01
1.435362480155901246e-02 3.087247497788898065e-01 0.000000000000000000e+00 4.900000000000000000e+01 3.900000000000000000e+01
1.354843933842561458e-02 3.154361531814328101e-01 0.000000000000000000e+00 4.800000000000000000e+01 3.800000000000000000e+01
1.279752514306900513e-02 3.221475562318828478e-01 0.000000000000000000e+00 4.900000000000000000e+01 3.900000000000000000e+01
1.209654551742546207e-02 3.288589589319173001e-01 0.000000000000000000e+00 4.800000000000000000e+01 3.800000000000000000e+01
1.144156288175236270e-02 3.355703612250826584e-01 0.000000000000000000e+00 4.600000000000000000e+01 3.600000000000000000e+01
1.082899732353701308e-02 3.422817631792271498e-01 0.000000000000000000e+00 4.700000000000000000e+01 3.700000000000000000e+01
1.025558997441611969e-02 3.489931646962697864e-01 0.000000000000000000e+00 4.600000000000000000e+01 3.600000000000000000e+01
9.718370496073391179e-03 3.557045657822295870e-01 0.000000000000000000e+00 4.500000000000000000e+01 3.500000000000000000e+01
9.214628263268026184e-03 3.624159664009096726e-01 0.000000000000000000e+00 4.400000000000000000e+01 3.400000000000000000e+01
8.741886720439177860e-03 3.691273666404669140e-01 0.000000000000000000e+00 4.200000000000000000e+01 3.200000000000000000e+01
8.297880572684540948e-03 3.758387664531578354e-01 0.000000000000000000e+00 4.200000000000000000e+01 3.200000000000000000e+01
7.880535448927085754e-03 3.825501656644272330e-01 0.000000000000000000e+00 4.300000000000000000e+01 3.300000000000000000e+01
7.487949690661935449e-03 3.892615644654909279e-01 0.000000000000000000e+00 4.200000000000000000e+01 3.200000000000000000e+01
7.118378133549602658e-03 3.959729626375673162e-01 0.000000000000000000e+00 4.000000000000000000e+01 3.000000000000000000e+01
6.770217562212858982e-03 4.026843603411462968e-01 0.000000000000000000e+00 4.100000000000000000e+01 3.100000000000000000e+01
6.441993653016884515e-03 4.093957574806561528e-01 0.000000000000000000e+00 4.100000000000000000e+01 3.100000000000000000e+01
6.132349267453477380e-03 4.161071540129662183e-01 0.000000000000000000e+00 3.900000000000000000e+01 2.900000000000000000e+01
5.840033931663952266e-03 4.228185497429310380e-01 0.000000000000000000e+00 3.800000000000000000e+01 2.800000000000000000e+01
5.563894318973353591e-03 4.295299452275910812e-01 0.000000000000000000e+00 3.800000000000000000e+01 2.800000000000000000e+01
5.302865790883078134e-03 4.362413399148678539e-01 0.000000000000000000e+00 3.900000000000000000e+01 2.900000000000000000e+01
5.055964636628816102e-03 4.429527337686730015e-01 0.000000000000000000e+00 4.000000000000000000e+01 3.200000000000000000e+01
4.822281087122771114e-03 4.496641271957230734e-01 0.000000000000000000e+00 4.000000000000000000e+01 3.000000000000000000e+01
4.600973119135051172e-03 4.563755196040635287e-01 0.000000000000000000e+00 4.200000000000000000e+01 3.200000000000000000e+01
4.391260644753178927e-03 4.630869115541729752e-01 0.000000000000000000e+00 4.400000000000000000e+01 3.400000000000000000e+01
4.192420444007549131e-03 4.697983025600307450e-01 0.000000000000000000e+00 4.400000000000000000e+01 3.400000000000000000e+01
4.003781407311380464e-03 4.765096930223728933e-01 0.000000000000000000e+00 4.300000000000000000e+01 3.300000000000000000e+01
3.824720365636902902e-03 4.832210816898851458e-01 0.000000000000000000e+00 4.200000000000000000e+01 3.200000000000000000e+01
3.654658061769801378e-03 4.899324707985049931e-01 0.000000000000000000e+00 4.100000000000000000e+01 3.100000000000000000e+01
3.493055851100351772e-03 4.966438587840405483e-01 0.000000000000000000e+00 4.500000000000000000e+01 3.500000000000000000e+01
3.339412352779994823e-03 5.033552454833255529e-01 0.000000000000000000e+00 4.500000000000000000e+01 3.700000000000000000e+01
3.193252321229051761e-03 5.100670176557026148e-01 0.000000000000000000e+00 4.600000000000000000e+01 3.600000000000000000e+01
3.054165054458025941e-03 5.167780167874485020e-01 0.000000000000000000e+00 4.500000000000000000e+01 3.500000000000000000e+01
2.921719885944330623e-03 5.234894010645473328e-01 0.000000000000000000e+00 4.600000000000000000e+01 4.000000000000000000e+01
2.795546023881226305e-03 5.302007838313833599e-01 0.000000000000000000e+00 4.100000000000000000e+01 3.300000000000000000e+01
2.675289421188202336e-03 5.369121661810245527e-01 0.000000000000000000e+00 4.200000000000000000e+01 3.300000000000000000e+01
2.560619200832578088e-03 5.436235473736209522e-01 0.000000000000000000e+00 4.300000000000000000e+01 3.900000000000000000e+01
2.451225904628099445e-03 5.503349270889914546e-01 0.000000000000000000e+00 4.100000000000000000e+01 3.300000000000000000e+01
2.346819891523463115e-03 5.570463054595103936e-01 0.000000000000000000e+00 4.600000000000000000e+01 4.400000000000000000e+01
2.247129959445623697e-03 5.637576829921936428e-01 0.000000000000000000e+00 4.500000000000000000e+01 4.000000000000000000e+01
2.151901936691698498e-03 5.704690594836273609e-01 0.000000000000000000e+00 4.700000000000000000e+01 4.300000000000000000e+01
2.060897577105678686e-03 5.771804345392200775e-01 0.000000000000000000e+00 4.300000000000000000e+01 3.700000000000000000e+01
1.973893323363781933e-03 5.838918089796770738e-01 0.000000000000000000e+00 4.300000000000000000e+01 3.800000000000000000e+01
1.890679347694741198e-03 5.906031805527190981e-01 0.000000000000000000e+00 4.400000000000000000e+01 3.600000000000000000e+01
1.811058523557078056e-03 5.973145531367437533e-01 0.000000000000000000e+00 4.400000000000000000e+01 3.800000000000000000e+01
1.734845686268288775e-03 6.040259231407943963e-01 0.000000000000000000e+00 4.500000000000000000e+01 3.900000000000000000e+01
1.661866686162136566e-03 6.107372908885326801e-01 0.000000000000000000e+00 4.500000000000000000e+01 3.600000000000000000e+01
1.591957635981846144e-03 6.174486585699419106e-01 0.000000000000000000e+00 4.500000000000000000e+01 3.800000000000000000e+01
1.524964402571436870e-03 6.241600207126767330e-01 0.000000000000000000e+00 4.600000000000000000e+01 3.700000000000000000e+01
1.460741593809042728e-03 6.308713873562346031e-01 0.000000000000000000e+00 4.600000000000000000e+01 4.800000000000000000e+01
1.399152496649404840e-03 6.375827523147330478e-01 0.000000000000000000e+00 4.500000000000000000e+01 3.900000000000000000e+01
1.340068094163090334e-03 6.442941079199232535e-01 0.000000000000000000e+00 4.400000000000000000e+01 4.500000000000000000e+01
1.283366615937302441e-03 6.510054646634489961e-01 0.000000000000000000e+00 4.400000000000000000e+01 4.700000000000000000e+01
1.228933228127437058e-03 6.577168272897757628e-01 0.000000000000000000e+00 4.400000000000000000e+01 4.400000000000000000e+01
1.176659585649840944e-03 6.644281849120549088e-01 0.000000000000000000e+00 4.400000000000000000e+01 4.500000000000000000e+01
1.126443216532734427e-03 6.711395385418263970e-01 0.000000000000000000e+00 4.200000000000000000e+01 5.000000000000000000e+01
1.078187479294486243e-03 6.778508847897621870e-01 0.000000000000000000e+00 4.200000000000000000e+01 5.000000000000000000e+01
1.031800687441612350e-03 6.845622350171388648e-01 0.000000000000000000e+00 4.500000000000000000e+01 5.200000000000000000e+01
9.871963975676490213e-04 6.912735823004734215e-01 0.000000000000000000e+00 4.300000000000000000e+01 4.800000000000000000e+01
9.442927849629645333e-04 6.979849352998193091e-01 0.000000000000000000e+00 4.300000000000000000e+01 4.900000000000000000e+01
9.030122565783721758e-04 7.046962664211076088e-01 0.000000000000000000e+00 4.200000000000000000e+01 4.600000000000000000e+01
8.632811841415840648e-04 7.114076107915039415e-01 0.000000000000000000e+00 4.200000000000000000e+01 5.200000000000000000e+01
8.250302743423653740e-04 7.181189554991205259e-01 0.000000000000000000e+00 4.400000000000000000e+01 5.700000000000000000e+01
7.881935510931244431e-04 7.248302801184649535e-01 0.000000000000000000e+00 4.500000000000000000e+01 6.000000000000000000e+01
7.527090585191351275e-04 7.315416145618754973e-01 0.000000000000000000e+00 4.400000000000000000e+01 6.000000000000000000e+01
7.185157915160436540e-04 7.382529503501749080e-01 0.000000000000000000e+00 4.400000000000000000e+01 5.700000000000000000e+01
6.855589828245739611e-04 7.449642217189057503e-01 0.000000000000000000e+00 4.500000000000000000e+01 5.900000000000000000e+01
6.537847404975210761e-04 7.516756236894610588e-01 0.000000000000000000e+00 4.500000000000000000e+01 5.600000000000000000e+01
6.231457839892930520e-04 7.583869557510425352e-01 0.000000000000000000e+00 4.400000000000000000e+01 5.600000000000000000e+01
5.935853952280359435e-04 7.650981508923899721e-01 0.000000000000000000e+00 4.600000000000000000e+01 6.100000000000000000e+01
5.650684856705039810e-04 7.718095952250761949e-01 0.000000000000000000e+00 4.600000000000000000e+01 6.100000000000000000e+01
5.375540110140110839e-04 7.785208902816447285e-01 0.000000000000000000e+00 4.700000000000000000e+01 5.300000000000000000e+01
5.110042756337674534e-04 7.852308536275540707e-01 0.000000000000000000e+00 4.900000000000000000e+01 6.500000000000000000e+01
4.853655973568431073e-04 7.919435890227225494e-01 0.000000000000000000e+00 4.700000000000000000e+01 5.900000000000000000e+01
4.606355651005277700e-04 7.986510777652245929e-01 0.000000000000000000e+00 4.600000000000000000e+01 5.600000000000000000e+01
4.367186764545369186e-04 8.053647353186270674e-01 0.000000000000000000e+00 4.400000000000000000e+01 5.600000000000000000e+01
4.136299272864969842e-04 8.120762771074280240e-01 0.000000000000000000e+00 4.300000000000000000e+01 5.600000000000000000e+01
3.913187319090317366e-04 8.187888732206357600e-01 0.000000000000000000e+00 4.100000000000000000e+01 5.200000000000000000e+01
3.697544705587516023e-04 8.254987493176310087e-01 0.000000000000000000e+00 4.200000000000000000e+01 5.500000000000000000e+01
3.489089669375178347e-04 8.322104693237248885e-01 0.000000000000000000e+00 4.400000000000000000e+01 5.800000000000000000e+01
3.288762089089391659e-04 8.389071535596038798e-01 0.000000000000000000e+00 3.500000000000000000e+01 4.700000000000000000e+01
3.092617675453466900e-04 8.456332637426292598e-01 0.000000000000000000e+00 4.100000000000000000e+01 5.700000000000000000e+01
2.905564776337750074e-04 8.523282180421741794e-01 0.000000000000000000e+00 3.600000000000000000e+01 4.900000000000000000e+01
2.721716513324999587e-04 8.590546634722912023e-01 0.000000000000000000e+00 3.900000000000000000e+01 5.200000000000000000e+01
2.545151928591205177e-04 8.657658141062105628e-01 0.000000000000000000e+00 4.300000000000000000e+01 5.500000000000000000e+01
2.376319167374900398e-04 8.724585809118329260e-01 0.000000000000000000e+00 3.900000000000000000e+01 4.700000000000000000e+01
2.208945874769245729e-04 8.791889310169103133e-01 0.000000000000000000e+00 4.500000000000000000e+01 5.500000000000000000e+01
2.051261021278790982e-04 8.858811011322333950e-01 0.000000000000000000e+00 3.900000000000000000e+01 4.800000000000000000e+01
1.893855762268955212e-04 8.926118479849418641e-01 0.000000000000000000e+00 3.500000000000000000e+01 4.100000000000000000e+01
1.746412888678465372e-04 8.993042078796005256e-01 0.000000000000000000e+00 3.800000000000000000e+01 4.300000000000000000e+01
1.601337544281516436e-04 9.060139943041145560e-01 0.000000000000000000e+00 3.900000000000000000e+01 4.500000000000000000e+01
1.461009857412753628e-04 9.127215604647128666e-01 0.000000000000000000e+00 3.800000000000000000e+01 4.100000000000000000e+01
1.324802096630066611e-04 9.194342541582177786e-01 0.000000000000000000e+00 3.800000000000000000e+01 4.100000000000000000e+01
1.193221591983495650e-04 9.261431954930646748e-01 0.000000000000000000e+00 3.800000000000000000e+01 4.300000000000000000e+01
1.065679854325447123e-04 9.328536208031870114e-01 0.000000000000000000e+00 3.500000000000000000e+01 3.600000000000000000e+01
9.422831615253032280e-05 9.395644066688179086e-01 0.000000000000000000e+00 3.100000000000000000e+01 3.900000000000000000e+01
8.228699255854878371e-05 9.462735199713065981e-01 0.000000000000000000e+00 3.000000000000000000e+01 3.400000000000000000e+01
7.080056751863355474e-05 9.529811925540981887e-01 0.000000000000000000e+00 2.700000000000000000e+01 3.100000000000000000e+01
5.970403754699870274e-05 9.596894196114855724e-01 0.000000000000000000e+00 2.600000000000000000e+01 2.800000000000000000e+01
5.252270520857295734e-05 9.662541948208343001e-01 0.000000000000000000e+00 2.300000000000000000e+01 2.400000000000000000e+01
4.278771332639037605e-05 9.729037905453464807e-01 0.000000000000000000e+00 3.000000000000000000e+01 3.000000000000000000e+01
3.354752481062853766e-05 9.796446891781502853e-01 0.000000000000000000e+00 2.900000000000000000e+01 2.800000000000000000e+01
2.175804880557601607e-05 9.862871572697426981e-01 0.000000000000000000e+00 2.300000000000000000e+01 2.300000000000000000e+01
1.491730926861161331e-05 9.907060465902696178e-01 0.000000000000000000e+00 2.300000000000000000e+01 2.500000000000000000e+01
1.387024538767796029e-05 9.913517173037282859e-01 0.000000000000000000e+00 2.300000000000000000e+01 2.500000000000000000e+01
