# energyFactor	econcomicFactor	constraintViolation	iteration	functionCalls
1.000000000000000000e+00 0.000000000000000000e+00 0.000000000000000000e+00 1.000000000000000000e+00 1.000000000000000000e+00
8.504616907665666359e-01 6.711468697122071822e-03 0.000000000000000000e+00 2.400000000000000000e+01 4.700000000000000000e+01
7.297909536568746303e-01 1.342285956660477057e-02 0.000000000000000000e+00 1.900000000000000000e+01 3.800000000000000000e+01
6.297427777076111122e-01 2.013422896795916822e-02 0.000000000000000000e+00 1.400000000000000000e+01 2.500000000000000000e+01
5.462338701607595270e-01 2.684567771452335203e-02 0.000000000000000000e+00 1.100000000000000000e+01 2.100000000000000000e+01
4.760946385616662835e-01 3.355706814942015920e-02 0.000000000000000000e+00 1.100000000000000000e+01 2.100000000000000000e+01
4.168408837369779740e-01 4.026846872645132441e-02 0.000000000000000000e+00 1.000000000000000000e+01 1.700000000000000000e+01
3.665079258358929226e-01 4.697988135709662422e-02 0.000000000000000000e+00 1.000000000000000000e+01 1.500000000000000000e+01
3.235327677461751761e-01 5.369128016954176352e-02 0.000000000000000000e+00 1.100000000000000000e+01 1.500000000000000000e+01
2.866834371812202464e-01 6.040282066538130157e-02 0.000000000000000000e+00 6.000000000000000000e+00 1.000000000000000000e+01
2.548930661807169984e-01 6.711409864310313722e-02 0.000000000000000000e+00 1.100000000000000000e+01 1.300000000000000000e+01
2.273949919148768317e-01 7.382550881922497754e-02 0.000000000000000000e+00 1.100000000000000000e+01 1.200000000000000000e+01
2.034998669431008489e-01 8.053691689002544229e-02 0.000000000000000000e+00 1.000000000000000000e+01 1.100000000000000000e+01
1.826561789370957645e-01 8.724832767620689655e-02 0.000000000000000000e+00 1.100000000000000000e+01 1.100000000000000000e+01
1.644085418682259825e-01 9.395973808484245349e-02 0.000000000000000000e+00 1.100000000000000000e+01 1.100000000000000000e+01
1.483786865320117498e-01 1.006711470473675846e-01 0.000000000000000000e+00 1.000000000000000000e+01 1.100000000000000000e+01
1.342513781777833759e-01 1.073825568075496423e-01 0.000000000000000000e+00 1.000000000000000000e+01 1.100000000000000000e+01
1.217613108440527281e-01 1.140939662194136311e-01 0.000000000000000000e+00 1.100000000000000000e+01 1.200000000000000000e+01
1.106872290189864355e-01 1.208053757587549265e-01 0.000000000000000000e+00 1.100000000000000000e+01 1.200000000000000000e+01
1.008404419048738454e-01 1.275167869442660751e-01 0.000000000000000000e+00 1.100000000000000000e+01 1.200000000000000000e+01
9.206128021175280507e-02 1.342281991948480468e-01 0.000000000000000000e+00 1.100000000000000000e+01 1.200000000000000000e+01
8.421385447651645595e-02 1.409396116344252825e-01 0.000000000000000000e+00 1.200000000000000000e+01 1.200000000000000000e+01
7.718203031194588448e-02 1.476510236722134162e-01 0.000000000000000000e+00 1.200000000000000000e+01 1.200000000000000000e+01
7.086619892944623356e-02 1.543624351393390048e-01 0.000000000000000000e+00 1.200000000000000000e+01 1.200000000000000000e+01
6.518064660139213928e-02 1.610738461020847501e-01 0.000000000000000000e+00 1.200000000000000000e+01 1.200000000000000000e+01
6.005142062475807285e-02 1.677852569199767552e-01 0.000000000000000000e+00 1.200000000000000000e+01 1.200000000000000000e+01
5.541385291377661643e-02 1.744966593523013809e-01 0.000000000000000000e+00 1.200000000000000000e+01 1.300000000000000000e+01
5.121541388411853662e-02 1.812080707852215811e-01 0.000000000000000000e+00 1.000000000000000000e+01 1.100000000000000000e+01
4.740331338229823721e-02 1.879194850600882927e-01 0.000000000000000000e+00 1.100000000000000000e+01 1.200000000000000000e+01
4.394741285381578710e-02 1.946308791291563312e-01 0.000000000000000000e+00 6.000000000000000000e+00 7.000000000000000000e+00
4.077887254624766589e-02 2.013423097992152466e-01 0.000000000000000000e+00 1.400000000000000000e+01 1.500000000000000000e+01
3.789895134088909490e-02 2.080537372992162237e-01 0.000000000000000000e+00 1.200000000000000000e+01 1.200000000000000000e+01
3.526575799519412330e-02 2.147651295635792101e-01 0.000000000000000000e+00 1.200000000000000000e+01 1.300000000000000000e+01
3.286233168889107076e-02 2.214766256229979413e-01 0.000000000000000000e+00 8.000000000000000000e+00 8.000000000000000000e+00
3.064826012940700256e-02 2.281880157892259564e-01 0.000000000000000000e+00 1.200000000000000000e+01 1.200000000000000000e+01
2.862334425193842347e-02 2.348993683026364132e-01 0.000000000000000000e+00 9.000000000000000000e+00 1.000000000000000000e+01
2.676198048437302551e-02 2.416112353876685714e-01 0.000000000000000000e+00 9.000000000000000000e+00 9.000000000000000000e+00
2.504513316452964058e-02 2.483230320705714089e-01 0.000000000000000000e+00 9.000000000000000000e+00 9.000000000000000000e+00
2.346062309933007878e-02 2.550335591907970101e-01 0.000000000000000000e+00 9.000000000000000000e+00 1.000000000000000000e+01
2.201058416099455420e-02 2.617449730332476188e-01 0.000000000000000000e+00 6.000000000000000000e+00 7.000000000000000000e+00
2.066683410409898836e-02 2.684563972106285834e-01 0.000000000000000000e+00 6.000000000000000000e+00 7.000000000000000000e+00
1.941781484081853137e-02 2.751677989177331862e-01 0.000000000000000000e+00 6.000000000000000000e+00 7.000000000000000000e+00
1.822976340973674406e-02 2.818794216106533246e-01 0.000000000000000000e+00 1.600000000000000000e+01 1.600000000000000000e+01
1.716025352638624046e-02 2.885906239821184327e-01 0.000000000000000000e+00 6.000000000000000000e+00 7.000000000000000000e+00
1.616873328246891395e-02 2.953020199357760944e-01 0.000000000000000000e+00 6.000000000000000000e+00 7.000000000000000000e+00
1.527225062005122501e-02 3.020134296475083802e-01 0.000000000000000000e+00 3.000000000000000000e+00 4.000000000000000000e+00
1.436430251378189617e-02 3.087249259287523917e-01 0.000000000000000000e+00 1.700000000000000000e+01 1.800000000000000000e+01
1.357850099222503680e-02 3.154362504668532519e-01 0.000000000000000000e+00 3.000000000000000000e+00 4.000000000000000000e+00
1.282497627755830975e-02 3.221477064331939033e-01 0.000000000000000000e+00 6.000000000000000000e+00 7.000000000000000000e+00
1.215364997328370437e-02 3.288590650218672362e-01 0.000000000000000000e+00 3.000000000000000000e+00 4.000000000000000000e+00
1.148450011075416617e-02 3.355704929471576281e-01 0.000000000000000000e+00 7.000000000000000000e+00 8.000000000000000000e+00
1.089446911858222775e-02 3.422818813993537268e-01 0.000000000000000000e+00 3.000000000000000000e+00 4.000000000000000000e+00
1.030471491024029240e-02 3.489933615152333579e-01 0.000000000000000000e+00 7.000000000000000000e+00 8.000000000000000000e+00
9.784389921490686814e-03 3.557046992763246429e-01 0.000000000000000000e+00 3.000000000000000000e+00 4.000000000000000000e+00
9.316534000063426274e-03 3.624161122292040571e-01 0.000000000000000000e+00 3.000000000000000000e+00 4.000000000000000000e+00
8.808348108103972521e-03 3.691280078915780694e-01 0.000000000000000000e+00 7.000000000000000000e+00 8.000000000000000000e+00
8.380065033862947946e-03 3.758389275563611132e-01 0.000000000000000000e+00 3.000000000000000000e+00 4.000000000000000000e+00
7.931815161222518021e-03 3.825503512741943446e-01 0.000000000000000000e+00 7.000000000000000000e+00 8.000000000000000000e+00
7.506747907040314631e-03 3.892617483016000413e-01 0.000000000000000000e+00 8.000000000000000000e+00 9.000000000000000000e+00
7.143845270440093292e-03 3.959732184281864464e-01 0.000000000000000000e+00 4.000000000000000000e+00 4.000000000000000000e+00
6.813243863923847468e-03 4.026848175315069778e-01 0.000000000000000000e+00 4.000000000000000000e+00 4.000000000000000000e+00
6.473196934037435575e-03 4.093963768049321272e-01 0.000000000000000000e+00 8.000000000000000000e+00 9.000000000000000000e+00
6.179190969477312868e-03 4.161080228617083931e-01 0.000000000000000000e+00 4.000000000000000000e+00 4.000000000000000000e+00
5.910067694896236658e-03 4.228197158108329967e-01 0.000000000000000000e+00 4.000000000000000000e+00 4.000000000000000000e+00
5.659146130543676011e-03 4.295302049666637201e-01 0.000000000000000000e+00 4.000000000000000000e+00 5.000000000000000000e+00
5.353461159904505766e-03 4.362416139182168084e-01 0.000000000000000000e+00 9.000000000000000000e+00 1.000000000000000000e+01
5.116030678241485254e-03 4.429530206952977389e-01 0.000000000000000000e+00 4.000000000000000000e+00 5.000000000000000000e+00
4.900013763966698001e-03 4.496644303890954819e-01 0.000000000000000000e+00 4.000000000000000000e+00 5.000000000000000000e+00
4.699399825559846984e-03 4.563758405218109049e-01 0.000000000000000000e+00 4.000000000000000000e+00 5.000000000000000000e+00
4.511031813860576570e-03 4.630872506323396864e-01 0.000000000000000000e+00 4.000000000000000000e+00 5.000000000000000000e+00
4.332989534554320711e-03 4.697986606110898244e-01 0.000000000000000000e+00 4.000000000000000000e+00 5.000000000000000000e+00
4.163980065751039447e-03 4.765100704457574388e-01 0.000000000000000000e+00 4.000000000000000000e+00 5.000000000000000000e+00
4.003066172269483837e-03 4.832214801518716074e-01 0.000000000000000000e+00 4.000000000000000000e+00 5.000000000000000000e+00
3.728387616968953031e-03 4.899328884815585261e-01 0.000000000000000000e+00 1.000000000000000000e+01 1.100000000000000000e+01
3.569836749899993073e-03 4.966442959670078761e-01 0.000000000000000000e+00 4.000000000000000000e+00 5.000000000000000000e+00
3.426628760808533066e-03 5.033557050783999953e-01 0.000000000000000000e+00 4.000000000000000000e+00 5.000000000000000000e+00
3.293806325256434017e-03 5.100671146458120031e-01 0.000000000000000000e+00 4.000000000000000000e+00 5.000000000000000000e+00
3.168918396931001257e-03 5.167785243011878693e-01 0.000000000000000000e+00 4.000000000000000000e+00 5.000000000000000000e+00
3.050555123531044268e-03 5.234899339444184507e-01 0.000000000000000000e+00 4.000000000000000000e+00 5.000000000000000000e+00
2.937812939330971228e-03 5.302013435479939751e-01 0.000000000000000000e+00 4.000000000000000000e+00 5.000000000000000000e+00
2.830064347523969862e-03 5.369127531073903947e-01 0.000000000000000000e+00 4.000000000000000000e+00 5.000000000000000000e+00
2.726845865090582813e-03 5.436241626256637094e-01 0.000000000000000000e+00 4.000000000000000000e+00 5.000000000000000000e+00
2.627798056943632301e-03 5.503355721081051311e-01 0.000000000000000000e+00 4.000000000000000000e+00 5.000000000000000000e+00
2.532630982674867817e-03 5.570469815602946406e-01 0.000000000000000000e+00 4.000000000000000000e+00 5.000000000000000000e+00
2.441103096460759108e-03 5.637583909874027688e-01 0.000000000000000000e+00 4.000000000000000000e+00 5.000000000000000000e+00
2.353007756260055722e-03 5.704698003939795425e-01 0.000000000000000000e+00 4.000000000000000000e+00 5.000000000000000000e+00
2.268164274308920227e-03 5.771812097839291722e-01 0.000000000000000000e+00 4.000000000000000000e+00 5.000000000000000000e+00
2.045840294875535606e-03 5.838928365161322187e-01 0.000000000000000000e+00 1.100000000000000000e+01 1.200000000000000000e+01
1.960237804154973170e-03 5.906040272932391311e-01 0.000000000000000000e+00 4.000000000000000000e+00 5.000000000000000000e+00
1.883787021651429396e-03 5.973154364122829074e-01 0.000000000000000000e+00 4.000000000000000000e+00 5.000000000000000000e+00
1.813214869900234586e-03 6.040268471336749379e-01 0.000000000000000000e+00 5.000000000000000000e+00 5.000000000000000000e+00
1.746922189579450157e-03 6.107382988713196958e-01 0.000000000000000000e+00 5.000000000000000000e+00 5.000000000000000000e+00
1.684017767818216235e-03 6.174497837778200049e-01 0.000000000000000000e+00 5.000000000000000000e+00 5.000000000000000000e+00
1.623949796889441986e-03 6.241612835197088982e-01 0.000000000000000000e+00 5.000000000000000000e+00 5.000000000000000000e+00
1.566349217992373801e-03 6.308727896223070841e-01 0.000000000000000000e+00 5.000000000000000000e+00 5.000000000000000000e+00
1.510953852510894986e-03 6.375842977875819662e-01 0.000000000000000000e+00 5.000000000000000000e+00 5.000000000000000000e+00
1.457568169792779460e-03 6.442958056924243948e-01 0.000000000000000000e+00 5.000000000000000000e+00 5.000000000000000000e+00
1.406040370470201068e-03 6.510073120288421000e-01 0.000000000000000000e+00 5.000000000000000000e+00 5.000000000000000000e+00
1.356248548771768264e-03 6.577188160447748899e-01 0.000000000000000000e+00 5.000000000000000000e+00 5.000000000000000000e+00
1.356248548771768264e-03 6.577188160447748899e-01 0.000000000000000000e+00 1.000000000000000000e+00 1.000000000000000000e+00
1.356248548771768264e-03 6.577188160447748899e-01 0.000000000000000000e+00 1.000000000000000000e+00 1.000000000000000000e+00
1.356248548771768264e-03 6.577188160447748899e-01 0.000000000000000000e+00 1.000000000000000000e+00 1.000000000000000000e+00
1.356248548771768264e-03 6.577188160447748899e-01 0.000000000000000000e+00 1.000000000000000000e+00 1.000000000000000000e+00
1.356248548771768264e-03 6.577188160447748899e-01 0.000000000000000000e+00 1.000000000000000000e+00 1.000000000000000000e+00
1.356248548771768264e-03 6.577188160447748899e-01 0.000000000000000000e+00 1.000000000000000000e+00 1.000000000000000000e+00
1.356248548771768264e-03 6.577188160447748899e-01 0.000000000000000000e+00 1.000000000000000000e+00 1.000000000000000000e+00
1.356248548771768264e-03 6.577188160447748899e-01 0.000000000000000000e+00 1.000000000000000000e+00 1.000000000000000000e+00
1.356248548771768264e-03 6.577188160447748899e-01 0.000000000000000000e+00 1.000000000000000000e+00 1.000000000000000000e+00
1.356248548771768264e-03 6.577188160447748899e-01 0.000000000000000000e+00 1.000000000000000000e+00 1.000000000000000000e+00
1.356248548771768264e-03 6.577188160447748899e-01 0.000000000000000000e+00 1.000000000000000000e+00 1.000000000000000000e+00
1.356248548771768264e-03 6.577188160447748899e-01 0.000000000000000000e+00 1.000000000000000000e+00 1.000000000000000000e+00
1.356248548771768264e-03 6.577188160447748899e-01 0.000000000000000000e+00 1.000000000000000000e+00 1.000000000000000000e+00
1.356248548771768264e-03 6.577188160447748899e-01 0.000000000000000000e+00 1.000000000000000000e+00 1.000000000000000000e+00
1.356248548771768264e-03 6.577188160447748899e-01 0.000000000000000000e+00 1.000000000000000000e+00 1.000000000000000000e+00
1.356248548771768264e-03 6.577188160447748899e-01 0.000000000000000000e+00 1.000000000000000000e+00 1.000000000000000000e+00
1.356248548771768264e-03 6.577188160447748899e-01 0.000000000000000000e+00 1.000000000000000000e+00 1.000000000000000000e+00
1.356248548771768264e-03 6.577188160447748899e-01 0.000000000000000000e+00 1.000000000000000000e+00 1.000000000000000000e+00
1.356248548771768264e-03 6.577188160447748899e-01 0.000000000000000000e+00 1.000000000000000000e+00 1.000000000000000000e+00
1.356248548771768264e-03 6.577188160447748899e-01 0.000000000000000000e+00 1.000000000000000000e+00 1.000000000000000000e+00
1.356248548771768264e-03 6.577188160447748899e-01 0.000000000000000000e+00 1.000000000000000000e+00 1.000000000000000000e+00
1.356248548771768264e-03 6.577188160447748899e-01 0.000000000000000000e+00 1.000000000000000000e+00 1.000000000000000000e+00
1.356248548771768264e-03 6.577188160447748899e-01 0.000000000000000000e+00 1.000000000000000000e+00 1.000000000000000000e+00
1.356248548771768264e-03 6.577188160447748899e-01 0.000000000000000000e+00 1.000000000000000000e+00 1.000000000000000000e+00
1.356248548771768264e-03 6.577188160447748899e-01 0.000000000000000000e+00 1.000000000000000000e+00 1.000000000000000000e+00
1.356248548771768264e-03 6.577188160447748899e-01 0.000000000000000000e+00 1.000000000000000000e+00 1.000000000000000000e+00
1.356248548771768264e-03 6.577188160447748899e-01 0.000000000000000000e+00 1.000000000000000000e+00 1.000000000000000000e+00
1.356248548771768264e-03 6.577188160447748899e-01 0.000000000000000000e+00 1.000000000000000000e+00 1.000000000000000000e+00
1.356248548771768264e-03 6.577188160447748899e-01 0.000000000000000000e+00 1.000000000000000000e+00 1.000000000000000000e+00
1.356248548771768264e-03 6.577188160447748899e-01 0.000000000000000000e+00 1.000000000000000000e+00 1.000000000000000000e+00
1.356248548771768264e-03 6.577188160447748899e-01 0.000000000000000000e+00 1.000000000000000000e+00 1.000000000000000000e+00
1.356248548771768264e-03 6.577188160447748899e-01 0.000000000000000000e+00 1.000000000000000000e+00 1.000000000000000000e+00
1.356248548771768264e-03 6.577188160447748899e-01 0.000000000000000000e+00 1.000000000000000000e+00 1.000000000000000000e+00
1.356248548771768264e-03 6.577188160447748899e-01 0.000000000000000000e+00 1.000000000000000000e+00 1.000000000000000000e+00
1.356248548771768264e-03 6.577188160447748899e-01 0.000000000000000000e+00 1.000000000000000000e+00 1.000000000000000000e+00
1.356248548771768264e-03 6.577188160447748899e-01 0.000000000000000000e+00 1.000000000000000000e+00 1.000000000000000000e+00
1.356248548771768264e-03 6.577188160447748899e-01 0.000000000000000000e+00 1.000000000000000000e+00 1.000000000000000000e+00
1.356248548771768264e-03 6.577188160447748899e-01 0.000000000000000000e+00 1.000000000000000000e+00 1.000000000000000000e+00
1.356248548771768264e-03 6.577188160447748899e-01 0.000000000000000000e+00 1.000000000000000000e+00 1.000000000000000000e+00
1.356248548771768264e-03 6.577188160447748899e-01 0.000000000000000000e+00 1.000000000000000000e+00 1.000000000000000000e+00
1.356248548771768264e-03 6.577188160447748899e-01 0.000000000000000000e+00 1.000000000000000000e+00 1.000000000000000000e+00
1.356248548771768264e-03 6.577188160447748899e-01 0.000000000000000000e+00 1.000000000000000000e+00 1.000000000000000000e+00
1.356248548771768264e-03 6.577188160447748899e-01 0.000000000000000000e+00 1.000000000000000000e+00 1.000000000000000000e+00
1.356248548771768264e-03 6.577188160447748899e-01 0.000000000000000000e+00 1.000000000000000000e+00 1.000000000000000000e+00
1.356248548771768264e-03 6.577188160447748899e-01 0.000000000000000000e+00 1.000000000000000000e+00 1.000000000000000000e+00
1.356248548771768264e-03 6.577188160447748899e-01 0.000000000000000000e+00 1.000000000000000000e+00 1.000000000000000000e+00
1.356248548771768264e-03 6.577188160447748899e-01 0.000000000000000000e+00 1.000000000000000000e+00 1.000000000000000000e+00
1.356248548771768264e-03 6.577188160447748899e-01 0.000000000000000000e+00 1.000000000000000000e+00 1.000000000000000000e+00
1.356248548771768264e-03 6.577188160447748899e-01 0.000000000000000000e+00 1.000000000000000000e+00 1.000000000000000000e+00
1.356248548771768264e-03 6.577188160447748899e-01 0.000000000000000000e+00 1.000000000000000000e+00 1.000000000000000000e+00
1.356248548771768264e-03 6.577188160447748899e-01 0.000000000000000000e+00 1.000000000000000000e+00 1.000000000000000000e+00
